(-33.0256, -71.5392);2513;1340;Endocrinología;3;0
(-33.0256, -71.5392);3080;2291;Psiquiatría;1;1
(-33.0256, -71.5392);1721;1669;Traumatología mayor (fracturas, TEC,...);3;1
(-33.0256, -71.5392);1991;2040;UTI adultos;1;0
(-33.0256, -71.5392);2679;3148;Resonador Magnético;5;1
(-33.0256, -71.5392);2274;3344;Otorrinolaringología;3;0
(-33.0256, -71.5392);2062;3427;Parto;3;1
(-33.0256, -71.5392);3363;3091;Unidad de Quemados;4;1
(-33.0256, -71.5392);3359;2516;Cardiología;3;0
(-33.0256, -71.5392);1639;1886;UCI adultos;4;1
(-33.0256, -71.5392);3549;3571;Geriatría;4;1
(-33.0256, -71.5392);2242;2702;Neonatología;2;1
(-33.0256, -71.5392);1434;3256;Otorrinolaringología;1;0
(-33.0256, -71.5392);2567;1724;Cardiología;3;0
(-33.0256, -71.5392);1977;3360;Resonador Magnético;1;0
(-33.0256, -71.5392);3337;1944;UTI adultos;5;0
(-33.0256, -71.5392);1525;3455;Resonador Magnético;1;0
(-33.0256, -71.5392);1238;3340;Cirujia Mayor;5;1
(-33.0256, -71.5392);2652;2011;Neurología;2;0
(-33.0256, -71.5392);1538;3591;Tomografía Computarizada (Escáner);2;0
